CCS_MAE = 8.58523574736468
CCS_Pearson = 0.9908141786028895
