CCS_MAE: 9.016914908178052
CCS_Pearson: 0.9900053669258572
