CCS_MAE: 8.672468192799313
CCS_Pearson: 0.9906078628415227
