OOK0_MAE = 0.018742375318446115
OOK0_Pearson = 0.983171331775082
