OOK0_MAE = 0.017953657586445185
OOK0_Pearson = 0.9844565072574593
