OOK0_MAE = 0.018735803537001487
OOK0_Pearson = 0.9831689504235457
