OOK0_MAE = 0.018144447893091935
OOK0_Pearson = 0.9842243002025539
